1684 44.204
3360 43.988
5032 43.896
6708 43.994
8381 43.91
10304 51.91
12227 51.932
14150 51.91
16073 51.932
17996 51.91
19663 41.686
21330 41.666
22996 41.65
24663 41.684
26330 41.666
27943 42.614
29555 42.582
31169 42.636
32781 42.586
34394 42.602
35823 38.588
37252 38.572
38681 38.594
40109 38.556
41538 38.572
43233 43.49
44928 43.468
46623 43.484
48318 43.468
50013 43.486
52012 51.466
54012 51.5
56012 51.5
58012 51.5
60012 51.5
61828 48.816
63646 48.86
65464 48.89
67283 48.864
69100 48.854
70919 48.864
72737 48.86
74555 48.858
76374 48.874
78192 48.86
80010 48.858
81828 48.858
83646 48.86
85464 48.89
87283 48.864
89100 48.854
90919 48.864
92737 48.86
94555 48.858
96374 48.874
98192 48.86
100010 48.858
101828 48.858
103646 48.86
105464 48.89
107283 48.864
109100 48.854
110919 48.864
112737 48.86
114555 48.858
116374 48.882
118192 48.86
120010 48.858
121828 48.858
123646 48.86
125464 48.89
127283 48.864
129100 48.854
130919 48.864
132737 48.86
134555 48.858
136374 48.874
138192 48.86
140010 48.86
141828 48.858
143646 48.858
145464 48.86
147283 48.896
149100 48.852
150919 48.866
152737 48.858
154555 48.858
156374 48.876
158192 48.858
160010 48.86
161828 48.858
163646 48.858
165464 48.86
167283 48.896
169100 48.852
170919 48.866
172737 48.858
174555 48.858
176374 48.876
178192 48.858
180010 48.86
181828 48.858
183646 48.858
185464 48.86
187283 48.896
189100 48.852
190919 48.866
192737 48.858
194555 48.858
196374 48.876
198192 48.858
200010 48.86
201828 48.858
203646 48.858
205464 48.86
207283 48.896
209100 48.852
210919 48.866
212737 48.858
214555 48.858
216374 48.876
218192 48.858
220010 48.86
221828 48.858
223646 48.858
225464 48.86
227283 48.896
229100 48.852
230919 48.866
232737 48.858
234555 48.858
236374 48.876
238192 48.858
240010 48.86
241828 48.858
243646 48.858
245464 48.86
247283 48.896
249100 48.852
250919 48.866
252737 48.858
254555 48.858
256374 48.876
258192 48.858
260010 48.86
261828 48.858
263646 48.858
265464 48.89
267283 48.864
269100 48.854
270919 48.864
272737 48.86
274555 48.858
276374 48.874
278192 48.86
280010 48.858
281828 48.858
283646 48.86
285464 48.89
287283 48.864
289100 48.854
290919 48.864
292737 48.86
294555 48.858
296374 48.874
298192 48.86
300010 48.858
301828 48.858
303646 48.86
305464 48.89
307283 48.864
309100 48.854
310919 48.864
312737 48.86
314555 48.858
316374 48.874
318192 48.86
320010 48.858
321828 48.858
323646 48.86
325464 48.89
327283 48.864
329100 48.854
330919 48.864
332737 48.86
334555 48.858
336374 48.874
338192 48.86
340010 48.858
341828 48.858
343646 48.86
345464 48.89
347283 48.864
349100 48.854
350919 48.864
352737 48.86
354555 48.858
356374 48.874
358192 48.86
360010 48.858
361828 48.858
363646 48.86
365464 48.89
367283 48.864
369100 48.854
370919 48.864
372737 48.86
374555 48.858
376374 48.874
378192 48.86
380010 48.858
381828 48.858
383646 48.86
385464 48.89
387283 48.864
389100 48.854
390919 48.864
392737 48.86
394555 48.858
396374 48.874
398192 48.86
400010 48.858
401828 48.858
403646 48.86
405464 48.89
407283 48.864
409100 48.854
410919 48.864
412737 48.86
414555 48.858
416374 48.874
418192 48.86
420010 48.858
421828 48.858
423646 48.86
425464 48.89
427283 48.864
429100 48.854
430919 48.864
432737 48.86
434555 48.858
436374 48.874
438192 48.86
440010 48.858
441828 48.858
443646 48.86
445464 48.89
447283 48.864
449100 48.854
450919 48.864
452737 48.86
454555 48.858
456374 48.874
458192 48.86
460010 48.858
461828 48.858
463646 48.86
465464 48.89
467283 48.864
469100 48.854
470919 48.864
472737 48.86
474555 48.858
476374 48.874
478192 48.86
480010 48.858
481828 48.858
483646 48.86
485464 48.89
487283 48.864
489100 48.854
490919 48.864
492737 48.86
494555 48.858
496374 48.874
498192 48.86
